500
350
250
-50
22930
-150
2380
7340
-3
970099
500
350
250
-50
22930
-150
2380
7340
-3
970099
-3
-3
500
350
250
-50
22930
-150
2380
7340
-3
970099
500
350
250
-50
22930
-150
2380
7340
-3
969990
-10
-790
-540
-310
9260
4795
2910
1214
-101
9592
-10
-790
-540
-310
9260
4795
2910
1214
-101
9601
-3
-12
-10
-790
-540
-310
9260
4795
2910
1214
-101
9592
-10
-790
-540
-310
9260
4795
2910
1214
-101
9592
-10
-790
-540
-310
9260
4795
2910
1214
-101
9592
-10
-790
-540
-310
9260
4795
2910
1214
-101
9601
-3
-12
-10
-790
-540
-310
9260
4795
2910
1214
-101
9592
-10
-790
-540
-310
9260
4795
2910
1214
-101
9592
-10
-790
-540
-310
9260
4795
2910
1214
-101
9592
-10
-790
-540
-310
9260
4795
2910
1214
-101
9601
-3
-12
-10
-790
-540
-310
9260
4795
2910
1214
-101
9592
-10
-790
-540
-310
9260
4795
2910
1214
-101
9592
-10
-790
-540
-310
9260
4795
2910
1214
-101
9592
-10
-790
-540
-310
9260
4795
2910
1214
-101
9601
-3
-12
-10
-790
-540
-310
9260
4795
2910
1214
-101
9592
-10
-790
-540
-310
9260
4795
2910
1214
-101
9592
-10
-790
-540
-310
9260
4795
2910
1214
-101
9592
-10
-790
-540
-310
9260
4795
2910
1214
-101
9601
-3
-12
-10
-790
-540
-310
9260
4795
2910
1214
-101
9592
-10
-790
-540
-310
9260
4795
2910
1214
-101
9592
-10
-790
-540
-310
9260
4795
2910
1214
-101
9592
-10
-790
-540
-310
9260
4795
2910
1214
-101
9601
-3
-12
-10
-790
-540
-310
9260
4795
2910
1214
-101
9592
-10
-790
-540
-310
9260
4795
2910
1214
-101
9592
-10
-790
-540
-310
9260
4795
2910
1214
-101
9592
-10
-790
-540
-310
9260
4795
2910
1214
-101
9601
-3
-12
-10
-790
-540
-310
9260
4795
2910
1214
-101
9592
-10
-790
-540
-310
9260
4795
2910
1214
-101
9592
-10
-790
-540
-310
9260
4795
2910
1214
-101
9592
-10
-790
-540
-310
9260
4795
2910
1214
-101
9601
-3
-12
-10
-790
-540
-310
9260
4795
2910
1214
-101
9592
-10
-790
-540
-310
9260
4795
2910
1214
-101
9592
-10
-790
-540
-310
9260
4795
2910
1214
-101
9592
-10
-790
-540
-310
9260
4795
2910
1214
-101
9601
-3
-12
-10
-790
-540
-310
9260
4795
2910
1214
-101
9592
-10
-790
-540
-310
9260
4795
2910
1214
-101
9592
-10
-790
-540
-310
9260
4795
2910
1214
-101
9592
-10
-790
-540
-310
9260
4795
2910
1214
-101
9601
-3
-12
-10
-790
-540
-310
9260
4795
2910
1214
-101
9592
-10
-790
-540
-310
9260
4795
2910
1214
-101
9592
-10
-790
-540
-310
9260
4795
2910
1214
-101
9592
-10
-790
-540
-310
9260
4795
2910
1214
-101
9601
-3
-12
-10
-790
-540
-310
9260
4795
2910
1214
-101
9592
-10
-790
-540
-310
9260
4795
2910
1214
-101
9592
-10
-790
-540
-310
9260
4795
2910
1214
-101
9592
-10
-790
-540
-310
9260
4795
2910
1214
-101
9601
-3
-12
-10
-790
-540
-310
9260
4795
2910
1214
-101
9592
-10
-790
-540
-310
9260
4795
2910
1214
-101
9592
-10
-790
-540
-310
9260
4795
2910
1214
-101
9592
-10
-790
-540
-310
9260
4795
2910
1214
-101
9601
-3
-12
-10
-790
-540
-310
9260
4795
2910
1214
-101
9592
-10
-790
-540
-310
9260
4795
2910
1214
-101
9592
-10
-790
-540
-310
9260
4795
2910
1214
-101
9592
-10
-790
-540
-310
9260
4795
2910
1214
-101
9601
-3
-12
-10
-790
-540
-310
9260
4795
2910
1214
-101
9592
-10
-790
-540
-310
9260
4795
2910
1214
-101
9592
-10
-790
-540
-310
9260
4795
2910
1214
-101
9592
-10
-790
-540
-310
9260
4795
2910
1214
-101
9601
-3
-12
-10
-790
-540
-310
9260
4795
2910
1214
-101
9592
-10
-790
-540
-310
9260
4795
2910
1214
-101
9592
-10
-790
-540
-310
9260
4795
2910
1214
-101
9592
-10
-790
-540
-310
9260
4795
2910
1214
-101
9601
-3
-12
-10
-790
-540
-310
9260
4795
2910
1214
-101
9592
-10
-790
-540
-310
9260
4795
2910
1214
-101
9592
-10
-790
-540
-310
9260
4795
2910
1214
-101
9592
-10
-790
-540
-310
9260
4795
2910
1214
-101
9601
-3
-12
-10
-790
-540
-310
9260
4795
2910
1214
-101
9592
-10
-790
-540
-310
9260
4795
2910
1214
-101
9592
-10
-790
-540
-310
9260
4795
2910
1214
-101
9592
-10
-790
-540
-310
9260
4795
2910
1214
-101
9601
-3
-12
-10
-790
-540
-310
9260
4795
2910
1214
-101
9592
-10
-790
-540
-310
9260
4795
2910
1214
-101
9592
-10
-790
-540
-310
9260
4795
2910
1214
-101
9592
-10
-790
-540
-310
9260
4795
2910
1214
-101
9601
-3
-12
-10
-790
-540
-310
9260
4795
2910
1214
-101
9592
-10
-790
-540
-310
9260
4795
2910
1214
-101
9592
-10
-790
-540
-310
9260
4795
2910
1214
-101
9592
-10
-790
-540
-310
9260
4795
2910
1214
-101
9601
-3
-12
-10
-790
-540
-310
9260
4795
2910
1214
-101
9592
-10
-790
-540
-310
9260
4795
2910
1214
-101
9592
-10
-790
-540
-310
9260
4795
2910
1214
-101
9592
-10
-790
-540
-310
9260
4795
2910
1214
-101
9601
-3
-12
-10
-790
-540
-310
9260
4795
2910
1214
-101
9592
-10
-790
-540
-310
9260
4795
2910
1214
-101
9592
-10
-790
-540
-310
9260
4795
2910
1214
-101
9592
-10
-790
-540
-310
9260
4795
2910
1214
-101
9601
-3
-12
-10
-790
-540
-310
9260
4795
2910
1214
-101
9592
-10
-790
-540
-310
9260
4795
2910
1214
-101
9592
-10
-790
-540
-310
9260
4795
2910
1214
-101
9592
-10
-790
-540
-310
9260
4795
2910
1214
-101
9601
-3
-12
-10
-790
-540
-310
9260
4795
2910
1214
-3
-3
-3
